20 20 219 200
0 -214 -194 5 3
0 20 0.0199321
21 40 0.0299321
41 60 0.0399321
61 80 0.0499321
81 100 0.0599321
Normal
Fast
Slow
1 191 38 5 1
0 20 0.0141824
21 40 0.0241824
41 60 0.0341824
61 80 0.0441824
81 100 0.0541824
Normal
2 208 -212 5 1
0 20 0.0108733
21 40 0.0208733
41 60 0.0308733
61 80 0.0408733
81 100 0.0508733
Normal
3 235 110 5 3
0 20 0.030487
21 40 0.040487
41 60 0.050487
61 80 0.060487
81 100 0.070487
Normal
Fast
Slow
4 249 -36 5 2
0 20 0.0125766
21 40 0.0225766
41 60 0.0325766
61 80 0.0425766
81 100 0.0525766
Normal
Fast
5 -58 -120 5 3
0 20 0.0157484
21 40 0.0257484
41 60 0.0357484
61 80 0.0457484
81 100 0.0557484
Normal
Fast
Slow
6 240 -59 5 2
0 20 0.0347787
21 40 0.0447787
41 60 0.0547787
61 80 0.0647787
81 100 0.0747787
Normal
Fast
7 -217 -160 5 2
0 20 0.0454613
21 40 0.0554613
41 60 0.0654613
61 80 0.0754613
81 100 0.0854613
Normal
Fast
8 182 184 5 1
0 20 0.0236772
21 40 0.0336772
41 60 0.0436772
61 80 0.0536772
81 100 0.0636772
Normal
9 -30 -186 5 3
0 20 0.0138968
21 40 0.0238968
41 60 0.0338968
61 80 0.0438968
81 100 0.0538968
Normal
Fast
Slow
10 215 15 5 3
0 20 0.0241044
21 40 0.0341044
41 60 0.0441044
61 80 0.0541044
81 100 0.0641044
Normal
Fast
Slow
11 -132 -43 5 2
0 20 0.0311337
21 40 0.0411337
41 60 0.0511337
61 80 0.0611337
81 100 0.0711337
Normal
Fast
12 -50 -53 5 2
0 20 0.0456231
21 40 0.0556231
41 60 0.0656231
61 80 0.0756231
81 100 0.0856231
Normal
Fast
13 120 -201 5 1
0 20 0.0110811
21 40 0.0210811
41 60 0.0310811
61 80 0.0410811
81 100 0.0510811
Normal
14 -97 41 5 3
0 20 0.0455708
21 40 0.0555708
41 60 0.0655708
61 80 0.0755708
81 100 0.0855708
Normal
Fast
Slow
15 -44 -142 5 2
0 20 0.0148942
21 40 0.0248942
41 60 0.0348942
61 80 0.0448942
81 100 0.0548942
Normal
Fast
16 -104 204 5 1
0 20 0.0128155
21 40 0.0228155
41 60 0.0328155
61 80 0.0428155
81 100 0.0528155
Normal
17 -158 214 5 1
0 20 0.0424552
21 40 0.0524552
41 60 0.0624552
61 80 0.0724552
81 100 0.0824552
Normal
18 104 47 5 1
0 20 0.0427215
21 40 0.0527215
41 60 0.0627215
61 80 0.0727215
81 100 0.0827215
Normal
19 35 68 5 2
0 20 0.0158644
21 40 0.0258644
41 60 0.0358644
61 80 0.0458644
81 100 0.0558644
Normal
Fast
20 -77 -179
21 87 -16
22 -182 -27
23 -116 -204
24 -176 198
25 -18 55
26 11 -73
27 -43 -220
28 167 -56
29 -33 200
30 184 110
31 39 -23
32 106 -41
33 -82 -237
34 -231 52
35 -122 -105
36 -74 71
37 -186 192
38 96 57
39 96 -236
0 7 38.8318 70
0 11 191.957 30
0 20 184.791 50
0 33 140.937 50
1 3 93.538 40
1 4 101.418 110
1 6 120.16 60
1 8 193.677 80
1 18 91.1573 100
1 19 171.038 30
1 30 75.3102 120
1 38 125.363 120
2 39 139.262 30
3 1 114.14 30
3 18 199.444 50
3 30 59.5753 120
4 1 96.4127 40
4 10 75.8043 50
4 28 89.1627 70
4 38 184.56 70
5 11 129.32 80
5 15 30.0936 70
5 20 78.676 70
5 22 192.305 50
5 26 103.027 60
5 31 170.084 100
5 33 137.455 60
5 35 75.7881 70
6 1 133.147 120
6 2 177.186 120
6 13 195.461 50
6 28 94.4051 30
7 0 35.7499 30
7 5 165.202 50
7 11 152.162 70
7 33 196.015 40
8 3 105.022 40
8 30 86.4774 40
8 38 163.525 30
9 13 157.714 70
9 27 40.9659 110
9 33 83.4387 90
9 39 150.277 60
10 1 34.3371 30
10 3 126.969 50
10 4 74.2706 80
10 18 119.395 90
10 28 90.5532 70
10 31 192.61 100
10 38 167.444 50
11 5 140.503 80
11 12 111.369 70
11 15 167.987 120
11 20 180.754 90
11 26 185.684 130
11 35 79.2653 100
12 9 157.029 30
12 15 124.723 80
12 19 179.536 110
12 20 169.888 110
12 23 177.663 70
12 25 129.984 70
12 26 73.5457 50
12 31 105.557 80
12 33 194.676 90
12 35 114.529 40
12 36 176.265 30
13 2 110.69 110
13 9 160.475 80
13 28 181.988 90
13 39 47.1085 60
14 11 107.377 100
14 12 118.095 80
14 16 184.413 50
14 22 127.593 120
14 24 177.89 70
14 29 175.68 50
14 31 181.039 30
14 36 47.7796 40
15 5 29.0892 50
15 7 181.372 110
15 9 46.2081 60
15 11 162.66 30
15 12 90.3935 70
15 26 90.7229 30
15 35 86.7343 110
15 39 199.329 100
16 17 77.4372 40
16 24 82.5461 30
16 25 176.139 30
16 37 104.984 110
17 24 24.3718 80
17 37 49.6591 60
18 3 173.601 30
18 4 195.609 120
18 10 127.871 120
18 21 80.4527 80
18 25 149.019 110
18 28 134.162 30
18 30 115.36 100
19 10 188.731 70
19 14 159.284 30
19 25 59.6471 130
19 26 165.071 60
19 32 138.486 60
19 38 66.2758 90
20 5 71.4436 60
20 11 199.644 70
20 27 59.2548 90
21 1 123.925 50
21 14 193.433 70
21 15 193.013 90
21 19 113.61 50
21 25 158.719 110
21 30 172.144 30
21 32 43.3492 60
21 38 83.7189 80
22 5 165.869 110
22 7 176.658 50
22 11 53.0129 50
22 12 178.328 80
22 14 130.861 60
22 20 196.923 80
22 36 164.887 70
23 7 152.544 110
23 11 166.255 110
23 15 131.578 40
23 20 59.5278 120
23 27 103.577 80
23 33 53.2456 100
23 35 124.881 100
24 16 74.0296 30
24 17 25.1527 90
24 37 14.5774 100
25 12 134.75 60
25 18 136.068 30
25 19 69.0061 120
25 38 124.416 40
26 5 107.16 70
26 9 163.268 40
26 15 92.9988 110
26 25 179.495 50
26 27 173.757 60
26 31 68.686 60
26 32 114.684 120
26 33 198.786 110
27 5 133.42 30
27 12 167.849 50
27 23 82.0348 100
27 35 191.704 100
27 39 150.114 50
28 1 122.367 90
28 19 182.41 30
28 21 93.0397 120
28 31 164.585 100
28 32 67.3459 90
28 38 173.666 40
29 17 128.822 110
29 19 174.527 50
29 25 156.373 120
29 36 158.142 30
30 1 100.526 80
30 3 70.4491 50
30 8 79.1185 70
30 10 140.458 50
30 19 191.195 40
31 9 188.107 80
31 15 184.449 60
31 18 115.204 90
31 28 171.891 80
31 32 73.5124 70
31 36 165.81 60
31 38 125.041 30
32 4 167.023 90
32 5 191.484 70
32 6 156.159 110
32 10 152.714 60
32 12 163.12 90
32 18 97.9477 30
32 21 42.1414 80
32 26 133.235 40
32 28 79.6837 120
32 38 135.122 70
33 7 187.02 80
33 15 132.879 50
33 27 44.9662 70
33 35 183.922 50
34 11 141.264 120
34 36 187.316 80
35 5 68.1439 30
35 9 148.778 40
35 11 77.4326 90
35 22 117.293 60
35 23 118.895 30
35 26 150.312 50
35 27 139.756 110
35 31 191.202 100
35 33 155.879 50
36 11 140.843 50
36 12 145.767 30
36 16 161.312 110
36 25 64.8375 80
36 26 194.254 80
36 31 186.01 110
36 34 186.211 50
37 16 103.741 30
37 17 42.1374 80
37 24 15.2929 80
38 1 121.502 100
38 3 196.515 90
38 8 158.121 90
38 18 14.8806 100
38 25 140.734 90
38 30 113.522 100
38 31 131.876 50
38 32 125.719 110
39 2 132.755 110
39 9 166.382 80
39 13 59.3177 100
