10 30 148 200
0 -135 -60 5 2
0 20 0.0401364
21 40 0.0501364
41 60 0.0601364
61 80 0.0701364
81 100 0.0801364
Normal
Fast
1 -90 30 5 1
0 20 0.0137487
21 40 0.0237487
41 60 0.0337487
61 80 0.0437487
81 100 0.0537487
Normal
2 -30 105 5 3
0 20 0.0200394
21 40 0.0300394
41 60 0.0400394
61 80 0.0500394
81 100 0.0600394
Normal
Fast
Slow
3 -15 -90 5 2
0 20 0.0351297
21 40 0.0451297
41 60 0.0551297
61 80 0.0651297
81 100 0.0751297
Normal
Fast
4 -15 -15 5 1
0 20 0.0150099
21 40 0.0250099
41 60 0.0350099
61 80 0.0450099
81 100 0.0550099
Normal
5 60 15 5 3
0 20 0.0254068
21 40 0.0354068
41 60 0.0454068
61 80 0.0554068
81 100 0.0654068
Normal
Fast
Slow
6 75 60 5 2
0 20 0.0147874
21 40 0.0247874
41 60 0.0347874
61 80 0.0447874
81 100 0.0547874
Normal
Fast
7 105 120 5 2
0 20 0.0315201
21 40 0.0415201
41 60 0.0515201
61 80 0.0615201
81 100 0.0715201
Normal
Fast
8 60 -105 5 3
0 20 0.0450747
21 40 0.0550747
41 60 0.0650747
61 80 0.0750747
81 100 0.0850747
Normal
Fast
Slow
9 120 0 5 1
0 20 0.0159378
21 40 0.0259378
41 60 0.0359378
61 80 0.0459378
81 100 0.0559378
Normal
10 -120 0
11 -150 45
12 -165 135
13 -120 -135
14 -105 -105
15 -75 -60
16 -60 0
17 -45 -150 
18 0 -195
19 45 -150
20 30 -75
21 105 -120
22 165 -90
23 135 -60
24 90 -75
25 165 -30
26 210 0
27 150 45
28 180 75
29 -15 -45
30 135 105
31 90 150
32 30 90
33 30 135
34 15 15
35 45 -15
36 0 60
37 -60 60
38 -90 90
39 -60 150
11 1 61.8466 60
1 11 61.8466 60
11 10 54.0833 90
10 11 54.0833 90
11 0 106.066 70
0 11 106.066 70
11 38 75 80
38 11 75 80
0 13 76.4853 60 
13 0 76.4853 60
0 14 54.0833 70
14 0 54.0833 70
0 15 60 80
15 0 60 80
13 14 33.541 60
14 13 33.541 60
14 15 54.0833 70
15 14 54.0833 70
10 15 75 70
15 10 75 70
16 1 42.4264 60
1 16 42.4264 60
16 10 60 80
10 16 60 80
16 3 100.623 90
3 16 100.623 90
16 29 63.6396 60
29 16 63.6396 60
16 4 47.4342 70
4 16 47.4342 70
16 34 76.4853 80
34 16 76.4853 80
16 36 84.8528 70
36 16 84.8528 70
16 2 109.2016 60
2 16 109.2016 60
16 37 60 60
37 16 60 60
0 10 61.8466 70
10 0 61.8466 70
1 10 42.4264 70
10 1 42.4264 70
17 13 76.4853 80
13 17 76.4853 80
14 17 75 90
17 14 75 90
15 17 94.8683 80
17 15 94.8683 80
17 3 67.082 70
3 17 67.082 70
3 15 67.082 70
15 3 67.082 70
3 29 45 90
29 3 45 90
29 4 30 60
4 29 30 60
20 4 75 70
4 20 75 70
35 4 60 80
4 35 60 80
34 4 42.4264 60
4 34 42.4264 60
12 11 91.2414 70
11 12 91.2414 70
12 38 87.4643 80
38 12 87.4643 80
38 1 60 70
1 38 60 70
38 37 42.4264 80
37 38 42.4264 80
38 2 61.8466 60
2 38 61.8466 60
2 39 54.0833 70
39 2 54.0833 70
2 36 54.0833 70
36 2 54.0833 70
2 32 61.8466 60
32 2 61.8466 60
2 33 67.082 80
33 2 67.082 80
36 5 75 70
5 36 75 70
34 5 45 90
5 34 45 90
35 5 33.541 60
5 35 33.541 60
9 5 61.8466 70
5 9 61.8466 70
6 5 47.4342 50
5 6 47.4342 50
9 6 75 60
6 9 75 60
27 6 76.4853 70
6 27 76.4853 70
30 6 75 80
6 30 75 80
7 6 67.082 70
6 7 67.082 70
32 6 54.0833 60
6 32 54.0833 60
30 7 33.541 60
7 30 33.541 60
31 7 33.541 50
7 31 33.541 50
32 7 80.7775 80
7 32 80.7775 80
28 27 42.4264 60
27 28 42.4264 60
28 30 54.0833 70
30 28 54.0833 70
27 9 54.0833 60
9 27 54.0833 60
27 26 75 60
26 27 75 60
18 17 63.6396 50
17 18 63.6396 50
18 19 63.6396 50
19 18 63.6396 50
19 3 84.8528 90
3 19 84.8528 90
19 8 47.4342 60
8 19 47.4342 60
3 20 47.4342 50
20 3 47.4342 50
8 20 42.4264 60
20 8 42.4264 60
8 24 42.4264 50
24 8 42.4264 50
8 21 47.4342 50
21 8 47.4342 50
35 24 75 60
24 35 75 60
35 20 61.8466 50
20 35 61.8466 50
26 9 90 60
9 26 90 60
25 9 54.0833 70
9 25 54.0833 70
23 9 61.8466 60
9 23 61.8466 60
24 9 80.7775 90
9 24 80.7775 90
21 22 67.082 70
22 21 67.082 70
23 22 42.4264 40
22 23 42.4264 40
24 22 76.4853 60
22 24 76.4853 60
